1.000000000000000000e+00 1.000000000000000000e+00 2.367402054369449615e-02 7.176025211811065674e-02
2.000000000000000000e+00 2.000000000000000000e+00 2.733064442873001099e-02 8.277731388807296753e-02
3.000000000000000000e+00 3.000000000000000000e+00 1.750871539115905762e-02 5.255769193172454834e-02
4.000000000000000000e+00 4.000000000000000000e+00 8.435248397290706635e-03 2.540262788534164429e-02
5.000000000000000000e+00 5.000000000000000000e+00 5.706911906599998474e-03 1.743725501000881195e-02
6.000000000000000000e+00 6.000000000000000000e+00 5.282704718410968781e-03 1.614733971655368805e-02
7.000000000000000000e+00 7.000000000000000000e+00 5.114084109663963318e-03 1.557698193937540054e-02
8.000000000000000000e+00 8.000000000000000000e+00 4.891209769994020462e-03 1.487844903022050858e-02
9.000000000000000000e+00 9.000000000000000000e+00 4.712338559329509735e-03 1.436051726341247559e-02
1.000000000000000000e+01 1.000000000000000000e+01 4.516011103987693787e-03 1.380969583988189697e-02
1.100000000000000000e+01 1.100000000000000000e+01 4.289950244128704071e-03 1.316769048571586609e-02
1.200000000000000000e+01 1.200000000000000000e+01 4.213985055685043335e-03 1.295086741447448730e-02
1.300000000000000000e+01 1.300000000000000000e+01 4.134912043809890747e-03 1.270750444382429123e-02
1.400000000000000000e+01 1.400000000000000000e+01 4.077622201293706894e-03 1.252802368253469467e-02
1.500000000000000000e+01 1.500000000000000000e+01 4.025480709969997406e-03 1.236402243375778198e-02
1.600000000000000000e+01 1.600000000000000000e+01 3.916369751095771790e-03 1.203196682035923004e-02
1.700000000000000000e+01 1.700000000000000000e+01 3.808822017163038254e-03 1.171092782169580460e-02
1.800000000000000000e+01 1.800000000000000000e+01 3.727423027157783508e-03 1.146962493658065796e-02
1.900000000000000000e+01 1.900000000000000000e+01 3.660983871668577194e-03 1.128234807401895523e-02
2.000000000000000000e+01 2.000000000000000000e+01 3.609815146774053574e-03 1.115272939205169678e-02
2.100000000000000000e+01 2.100000000000000000e+01 3.554566064849495888e-03 1.101444102823734283e-02
2.200000000000000000e+01 2.200000000000000000e+01 3.488291054964065552e-03 1.084233634173870087e-02
2.300000000000000000e+01 2.300000000000000000e+01 3.432999132201075554e-03 1.069767586886882782e-02
2.400000000000000000e+01 2.400000000000000000e+01 3.377355169504880905e-03 1.054508425295352936e-02
2.500000000000000000e+01 2.500000000000000000e+01 3.323613665997982025e-03 1.039698906242847443e-02
2.600000000000000000e+01 2.600000000000000000e+01 3.268830012530088425e-03 1.024597510695457458e-02
2.700000000000000000e+01 2.700000000000000000e+01 3.215515986084938049e-03 1.009840425103902817e-02
2.800000000000000000e+01 2.800000000000000000e+01 3.167341696098446846e-03 9.962945245206356049e-03
2.900000000000000000e+01 2.900000000000000000e+01 3.110793884843587875e-03 9.795093908905982971e-03
3.000000000000000000e+01 3.000000000000000000e+01 3.061332041397690773e-03 9.649116545915603638e-03
3.100000000000000000e+01 3.100000000000000000e+01 3.014313057065010071e-03 9.517944417893886566e-03
3.200000000000000000e+01 3.200000000000000000e+01 2.969376510009169579e-03 9.397113695740699768e-03
3.300000000000000000e+01 3.300000000000000000e+01 2.923214342445135117e-03 9.275591000914573669e-03
3.400000000000000000e+01 3.400000000000000000e+01 2.874450525268912315e-03 9.144957177340984344e-03
3.500000000000000000e+01 3.500000000000000000e+01 2.831346355378627777e-03 9.028730913996696472e-03
3.600000000000000000e+01 3.600000000000000000e+01 2.783288480713963509e-03 8.896760642528533936e-03
3.700000000000000000e+01 3.700000000000000000e+01 2.743821125477552414e-03 8.790880441665649414e-03
3.800000000000000000e+01 3.800000000000000000e+01 2.696245675906538963e-03 8.654947392642498016e-03
3.900000000000000000e+01 3.900000000000000000e+01 2.657697070389986038e-03 8.542178198695182800e-03
4.000000000000000000e+01 4.000000000000000000e+01 2.611830364912748337e-03 8.410629816353321075e-03
4.100000000000000000e+01 4.100000000000000000e+01 2.573420060798525810e-03 8.302893489599227905e-03
4.200000000000000000e+01 4.200000000000000000e+01 2.529728459194302559e-03 8.172704838216304779e-03
4.300000000000000000e+01 4.300000000000000000e+01 2.490910468623042107e-03 8.056269027292728424e-03
4.400000000000000000e+01 4.400000000000000000e+01 2.454878063872456551e-03 7.958892732858657837e-03
4.500000000000000000e+01 4.500000000000000000e+01 2.414169255644083023e-03 7.846840657293796539e-03
4.600000000000000000e+01 4.600000000000000000e+01 2.378170378506183624e-03 7.746962364763021469e-03
4.700000000000000000e+01 4.700000000000000000e+01 2.342591993510723114e-03 7.651308551430702209e-03
4.800000000000000000e+01 4.800000000000000000e+01 2.304469468072056770e-03 7.546477951109409332e-03
4.900000000000000000e+01 4.900000000000000000e+01 2.268528565764427185e-03 7.448968943208456039e-03
5.000000000000000000e+01 5.000000000000000000e+01 2.235561609268188477e-03 7.357361726462841034e-03
5.100000000000000000e+01 5.100000000000000000e+01 2.199786249548196793e-03 7.263151928782463074e-03
5.200000000000000000e+01 5.200000000000000000e+01 2.166813006624579430e-03 7.184654474258422852e-03
5.300000000000000000e+01 5.300000000000000000e+01 2.136176219210028648e-03 7.094939239323139191e-03
5.400000000000000000e+01 5.400000000000000000e+01 2.122336998581886292e-03 7.089025340974330902e-03
5.500000000000000000e+01 5.500000000000000000e+01 2.181090414524078369e-03 7.240740116685628891e-03
5.600000000000000000e+01 5.600000000000000000e+01 2.378432545810937881e-03 7.914481684565544128e-03
5.700000000000000000e+01 5.700000000000000000e+01 2.702882047742605209e-03 8.817190304398536682e-03
5.800000000000000000e+01 5.800000000000000000e+01 2.404002239927649498e-03 7.982086390256881714e-03
5.900000000000000000e+01 5.900000000000000000e+01 2.266967669129371643e-03 7.554390002042055130e-03
6.000000000000000000e+01 6.000000000000000000e+01 2.382976235821843147e-03 7.873847149312496185e-03
6.100000000000000000e+01 6.100000000000000000e+01 2.027723938226699829e-03 6.799739785492420197e-03
6.200000000000000000e+01 6.200000000000000000e+01 2.257573883980512619e-03 7.502548862248659134e-03
6.300000000000000000e+01 6.300000000000000000e+01 2.036404330283403397e-03 6.822755560278892517e-03
6.400000000000000000e+01 6.400000000000000000e+01 2.082819817587733269e-03 6.951173767447471619e-03
6.500000000000000000e+01 6.500000000000000000e+01 2.017784630879759789e-03 6.760330870747566223e-03
6.600000000000000000e+01 6.600000000000000000e+01 1.976714469492435455e-03 6.656759884208440781e-03
6.700000000000000000e+01 6.700000000000000000e+01 1.973242964595556259e-03 6.655338220298290253e-03
6.800000000000000000e+01 6.800000000000000000e+01 1.904822420328855515e-03 6.447914056479930878e-03
6.900000000000000000e+01 6.900000000000000000e+01 1.924704760313034058e-03 6.537288427352905273e-03
7.000000000000000000e+01 7.000000000000000000e+01 1.823045313358306885e-03 6.243245210498571396e-03
7.100000000000000000e+01 7.100000000000000000e+01 1.876450376585125923e-03 6.377074867486953735e-03
7.200000000000000000e+01 7.200000000000000000e+01 1.770376460626721382e-03 6.083365529775619507e-03
7.300000000000000000e+01 7.300000000000000000e+01 1.830713124945759773e-03 6.306578870862722397e-03
7.400000000000000000e+01 7.400000000000000000e+01 1.763487933203577995e-03 6.075001321732997894e-03
7.500000000000000000e+01 7.500000000000000000e+01 1.850470434874296188e-03 6.366489455103874207e-03
7.600000000000000000e+01 7.600000000000000000e+01 2.062259940430521965e-03 6.951722316443920135e-03
7.700000000000000000e+01 7.700000000000000000e+01 1.949273981153964996e-03 6.709356792271137238e-03
7.800000000000000000e+01 7.800000000000000000e+01 1.885683857835829258e-03 6.453757174313068390e-03
7.900000000000000000e+01 7.900000000000000000e+01 1.751096919178962708e-03 6.062412634491920471e-03
8.000000000000000000e+01 8.000000000000000000e+01 1.855365233495831490e-03 6.405635736882686615e-03
8.100000000000000000e+01 8.100000000000000000e+01 1.785406377166509628e-03 6.117128767073154449e-03
8.200000000000000000e+01 8.200000000000000000e+01 1.730133546516299248e-03 6.033128127455711365e-03
8.300000000000000000e+01 8.300000000000000000e+01 1.680260989814996719e-03 5.899027921259403229e-03
8.400000000000000000e+01 8.400000000000000000e+01 1.758945873007178307e-03 6.059156730771064758e-03
8.500000000000000000e+01 8.500000000000000000e+01 1.628599362447857857e-03 5.726970266550779343e-03
8.600000000000000000e+01 8.600000000000000000e+01 1.652931561693549156e-03 5.819949787110090256e-03
8.700000000000000000e+01 8.700000000000000000e+01 1.675010891631245613e-03 5.864235572516918182e-03
8.800000000000000000e+01 8.800000000000000000e+01 1.652149949222803116e-03 5.837940145283937454e-03
8.900000000000000000e+01 8.900000000000000000e+01 1.678734552115201950e-03 5.900606513023376465e-03
9.000000000000000000e+01 9.000000000000000000e+01 1.668976619839668274e-03 5.871199537068605423e-03
9.100000000000000000e+01 9.100000000000000000e+01 1.699692220427095890e-03 5.986276082694530487e-03
9.200000000000000000e+01 9.200000000000000000e+01 1.652918988838791847e-03 5.844868719577789307e-03
9.300000000000000000e+01 9.300000000000000000e+01 1.584391808137297630e-03 5.706897471100091934e-03
9.400000000000000000e+01 9.400000000000000000e+01 1.628603320568799973e-03 5.746081471443176270e-03
9.500000000000000000e+01 9.500000000000000000e+01 1.571365981362760067e-03 5.620297044515609741e-03
9.700000000000000000e+01 9.700000000000000000e+01 1.599418930709362030e-03 5.662526469677686691e-03
9.800000000000000000e+01 9.800000000000000000e+01 1.575203263200819492e-03 5.643790122121572495e-03
9.900000000000000000e+01 9.900000000000000000e+01 1.590343657881021500e-03 5.694772582501173019e-03
1.000000000000000000e+02 1.000000000000000000e+02 1.499757985584437847e-03 5.464333109557628632e-03
1.010000000000000000e+02 1.010000000000000000e+02 1.549115870147943497e-03 5.584769882261753082e-03
1.020000000000000000e+02 1.020000000000000000e+02 1.572839915752410889e-03 5.669947713613510132e-03
1.030000000000000000e+02 1.030000000000000000e+02 1.689036143943667412e-03 5.985236726701259613e-03
1.050000000000000000e+02 1.050000000000000000e+02 1.700368826277554035e-03 5.963288713246583939e-03
1.060000000000000000e+02 1.060000000000000000e+02 1.609497005119919777e-03 5.819440819323062897e-03
1.070000000000000000e+02 1.070000000000000000e+02 1.624754513613879681e-03 5.826816894114017487e-03
1.080000000000000000e+02 1.080000000000000000e+02 1.607593498192727566e-03 5.791258998215198517e-03
1.100000000000000000e+02 1.100000000000000000e+02 1.519234618172049522e-03 5.535950884222984314e-03
1.110000000000000000e+02 1.110000000000000000e+02 1.548756612464785576e-03 5.619030445814132690e-03
1.120000000000000000e+02 1.120000000000000000e+02 1.495519652962684631e-03 5.462704226374626160e-03
1.140000000000000000e+02 1.140000000000000000e+02 1.497928518801927567e-03 5.479654762893915176e-03
1.150000000000000000e+02 1.150000000000000000e+02 1.401314511895179749e-03 5.234496667981147766e-03
1.160000000000000000e+02 1.160000000000000000e+02 1.405288698151707649e-03 5.289186257869005203e-03
1.180000000000000000e+02 1.180000000000000000e+02 1.458163140341639519e-03 5.462342873215675354e-03
1.190000000000000000e+02 1.190000000000000000e+02 1.618949929252266884e-03 5.743589252233505249e-03
1.200000000000000000e+02 1.200000000000000000e+02 1.572143868543207645e-03 5.800069309771060944e-03
1.220000000000000000e+02 1.220000000000000000e+02 1.408899319358170033e-03 5.257054697722196579e-03
1.230000000000000000e+02 1.230000000000000000e+02 1.450502430088818073e-03 5.411604419350624084e-03
1.250000000000000000e+02 1.250000000000000000e+02 1.418610452674329281e-03 5.299087613821029663e-03
1.260000000000000000e+02 1.260000000000000000e+02 1.377601176500320435e-03 5.149328149855136871e-03
1.270000000000000000e+02 1.270000000000000000e+02 1.379106775857508183e-03 5.191770382225513458e-03
1.290000000000000000e+02 1.290000000000000000e+02 1.407723175361752510e-03 5.273342132568359375e-03
1.300000000000000000e+02 1.300000000000000000e+02 1.332750078290700912e-03 5.043388344347476959e-03
1.320000000000000000e+02 1.320000000000000000e+02 1.334376865997910500e-03 5.120285786688327789e-03
1.340000000000000000e+02 1.340000000000000000e+02 1.394005608744919300e-03 5.230297334492206573e-03
1.350000000000000000e+02 1.350000000000000000e+02 1.439283136278390884e-03 5.368754267692565918e-03
1.370000000000000000e+02 1.370000000000000000e+02 1.332074054516851902e-03 5.105895455926656723e-03
1.380000000000000000e+02 1.380000000000000000e+02 1.325917663052678108e-03 5.140428896993398666e-03
1.400000000000000000e+02 1.400000000000000000e+02 1.353364204987883568e-03 5.235547199845314026e-03
1.410000000000000000e+02 1.410000000000000000e+02 1.417238498106598854e-03 5.342704243957996368e-03
1.430000000000000000e+02 1.430000000000000000e+02 1.374039915390312672e-03 5.173752084374427795e-03
1.450000000000000000e+02 1.450000000000000000e+02 1.315155648626387119e-03 5.066174082458019257e-03
1.460000000000000000e+02 1.460000000000000000e+02 1.330066937953233719e-03 5.171470344066619873e-03
1.480000000000000000e+02 1.480000000000000000e+02 1.306596677750349045e-03 5.057189147919416428e-03
1.500000000000000000e+02 1.500000000000000000e+02 1.234270865097641945e-03 4.905783571302890778e-03
1.520000000000000000e+02 1.520000000000000000e+02 1.259781070984899998e-03 5.006984807550907135e-03
1.530000000000000000e+02 1.530000000000000000e+02 1.323868287727236748e-03 5.094223655760288239e-03
1.550000000000000000e+02 1.550000000000000000e+02 1.335651963017880917e-03 5.188825074583292007e-03
1.570000000000000000e+02 1.570000000000000000e+02 1.211322145536541939e-03 4.910523071885108948e-03
1.590000000000000000e+02 1.590000000000000000e+02 1.289978972636163235e-03 5.101028829813003540e-03
1.610000000000000000e+02 1.610000000000000000e+02 1.327981473878026009e-03 5.225270520895719528e-03
1.630000000000000000e+02 1.630000000000000000e+02 1.313489745371043682e-03 5.188424605876207352e-03
1.640000000000000000e+02 1.640000000000000000e+02 1.302681979723274708e-03 5.046310834586620331e-03
1.660000000000000000e+02 1.660000000000000000e+02 1.199109712615609169e-03 4.761348478496074677e-03
1.680000000000000000e+02 1.680000000000000000e+02 1.261985278688371181e-03 5.076970439404249191e-03
1.700000000000000000e+02 1.700000000000000000e+02 1.133052166551351547e-03 4.605501890182495117e-03
1.720000000000000000e+02 1.720000000000000000e+02 1.249222317710518837e-03 4.890671465545892715e-03
1.740000000000000000e+02 1.740000000000000000e+02 1.246185856871306896e-03 4.946104716509580612e-03
1.760000000000000000e+02 1.760000000000000000e+02 1.151708420366048813e-03 4.733589012175798416e-03
1.780000000000000000e+02 1.780000000000000000e+02 1.160022802650928497e-03 4.708957858383655548e-03
1.800000000000000000e+02 1.800000000000000000e+02 1.212543342262506485e-03 4.850947763770818710e-03
1.820000000000000000e+02 1.820000000000000000e+02 1.853423775173723698e-03 6.559563335031270981e-03
1.850000000000000000e+02 1.850000000000000000e+02 1.464312430471181870e-03 5.570978857576847076e-03
1.870000000000000000e+02 1.870000000000000000e+02 1.344862859696149826e-03 5.196370184421539307e-03
1.890000000000000000e+02 1.890000000000000000e+02 1.264053396880626678e-03 4.931867122650146484e-03
1.910000000000000000e+02 1.910000000000000000e+02 1.217373181134462357e-03 4.811962135136127472e-03
1.930000000000000000e+02 1.930000000000000000e+02 1.164519460871815681e-03 4.791352897882461548e-03
1.960000000000000000e+02 1.960000000000000000e+02 1.114798942580819130e-03 4.509089514613151550e-03
1.980000000000000000e+02 1.980000000000000000e+02 1.091759884729981422e-03 4.469265230000019073e-03
2.000000000000000000e+02 2.000000000000000000e+02 1.085427822545170784e-03 4.479859489947557449e-03
2.020000000000000000e+02 2.020000000000000000e+02 1.103540649637579918e-03 4.611833021044731140e-03
2.050000000000000000e+02 2.050000000000000000e+02 1.052542589604854584e-03 4.436816088855266571e-03
2.070000000000000000e+02 2.070000000000000000e+02 1.049029757268726826e-03 4.469270817935466766e-03
2.100000000000000000e+02 2.100000000000000000e+02 1.203885884024202824e-03 4.912785254418849945e-03
2.120000000000000000e+02 2.120000000000000000e+02 1.181991538032889366e-03 4.852042533457279205e-03
2.140000000000000000e+02 2.140000000000000000e+02 1.186121255159378052e-03 4.934908822178840637e-03
2.170000000000000000e+02 2.170000000000000000e+02 1.250964705832302570e-03 4.948992747813463211e-03
2.190000000000000000e+02 2.190000000000000000e+02 1.172464573755860329e-03 4.864995367825031281e-03
2.220000000000000000e+02 2.220000000000000000e+02 1.103500835597515106e-03 4.560149274766445160e-03
2.250000000000000000e+02 2.250000000000000000e+02 1.031489577144384384e-03 4.462379030883312225e-03
2.270000000000000000e+02 2.270000000000000000e+02 1.015401678159832954e-03 4.400172270834445953e-03
2.300000000000000000e+02 2.300000000000000000e+02 9.934920817613601685e-04 4.357831552624702454e-03
2.330000000000000000e+02 2.330000000000000000e+02 1.011465908959507942e-03 4.442468751221895218e-03
2.350000000000000000e+02 2.350000000000000000e+02 1.208440866321325302e-03 4.951412789523601532e-03
2.380000000000000000e+02 2.380000000000000000e+02 1.105132047086954117e-03 4.686824046075344086e-03
2.410000000000000000e+02 2.410000000000000000e+02 1.216129516251385212e-03 5.041756201535463333e-03
2.430000000000000000e+02 2.430000000000000000e+02 1.110838144086301327e-03 4.608585033565759659e-03
2.460000000000000000e+02 2.460000000000000000e+02 1.053324900567531586e-03 4.506015684455633163e-03
2.490000000000000000e+02 2.490000000000000000e+02 9.532240801490843296e-04 4.236282780766487122e-03
2.520000000000000000e+02 2.520000000000000000e+02 9.269694564864039421e-04 4.298027604818344116e-03
2.550000000000000000e+02 2.550000000000000000e+02 1.076015178114175797e-03 4.668016918003559113e-03
2.580000000000000000e+02 2.580000000000000000e+02 1.114306389354169369e-03 4.698264412581920624e-03
2.610000000000000000e+02 2.610000000000000000e+02 9.723450057208538055e-04 4.306138493120670319e-03
2.640000000000000000e+02 2.640000000000000000e+02 9.451326914131641388e-04 4.264814779162406921e-03
2.670000000000000000e+02 2.670000000000000000e+02 9.343764977529644966e-04 4.265747033059597015e-03
2.700000000000000000e+02 2.700000000000000000e+02 8.585355244576931000e-04 4.033992998301982880e-03
2.730000000000000000e+02 2.730000000000000000e+02 8.291474077850580215e-04 3.929889760911464691e-03
2.760000000000000000e+02 2.760000000000000000e+02 8.472941117361187935e-04 4.066495224833488464e-03
2.800000000000000000e+02 2.800000000000000000e+02 1.042448799125850201e-03 4.689683206379413605e-03
2.830000000000000000e+02 2.830000000000000000e+02 1.091236248612403870e-03 4.862313158810138702e-03
2.860000000000000000e+02 2.860000000000000000e+02 1.033788779750466347e-03 4.559922963380813599e-03
2.900000000000000000e+02 2.900000000000000000e+02 9.122779010795056820e-04 4.171408712863922119e-03
2.930000000000000000e+02 2.930000000000000000e+02 8.446084684692323208e-04 3.993668127804994583e-03
2.960000000000000000e+02 2.960000000000000000e+02 8.130179485306143761e-04 3.908420912921428680e-03
3.000000000000000000e+02 3.000000000000000000e+02 7.890716660767793655e-04 3.880166681483387947e-03
3.030000000000000000e+02 3.030000000000000000e+02 7.631857297383248806e-04 3.840814577415585518e-03
3.070000000000000000e+02 3.070000000000000000e+02 7.512739393860101700e-04 3.866923740133643150e-03
3.100000000000000000e+02 3.100000000000000000e+02 8.078690734691917896e-04 3.865862265229225159e-03
3.140000000000000000e+02 3.140000000000000000e+02 9.649862186051905155e-04 4.353333264589309692e-03
3.180000000000000000e+02 3.180000000000000000e+02 8.183767204172909260e-04 3.952565137296915054e-03
3.210000000000000000e+02 3.210000000000000000e+02 7.981578819453716278e-04 3.919650800526142120e-03
3.250000000000000000e+02 3.250000000000000000e+02 7.269518682733178139e-04 3.745927941054105759e-03
3.290000000000000000e+02 3.290000000000000000e+02 7.110852748155593872e-04 3.773173550143837929e-03
3.330000000000000000e+02 3.330000000000000000e+02 7.749765645712614059e-04 3.916774876415729523e-03
3.360000000000000000e+02 3.360000000000000000e+02 7.165119750425219536e-04 3.704781644046306610e-03
3.400000000000000000e+02 3.400000000000000000e+02 6.516831344924867153e-04 3.624427597969770432e-03
3.440000000000000000e+02 3.440000000000000000e+02 7.381292525678873062e-04 3.818287979811429977e-03
3.480000000000000000e+02 3.480000000000000000e+02 1.120519009418785572e-03 4.809183999896049500e-03
3.520000000000000000e+02 3.520000000000000000e+02 8.618072606623172760e-04 4.123757593333721161e-03
3.560000000000000000e+02 3.560000000000000000e+02 7.897929754108190536e-04 3.890858730301260948e-03
3.610000000000000000e+02 3.610000000000000000e+02 7.201437256298959255e-04 3.739042207598686218e-03
3.650000000000000000e+02 3.650000000000000000e+02 6.423104787245392799e-04 3.536575008183717728e-03
3.690000000000000000e+02 3.690000000000000000e+02 6.269962759688496590e-04 3.495366312563419342e-03
3.730000000000000000e+02 3.730000000000000000e+02 7.181747350841760635e-04 3.775920486077666283e-03
3.780000000000000000e+02 3.780000000000000000e+02 6.615145248360931873e-04 3.596505615860223770e-03
3.820000000000000000e+02 3.820000000000000000e+02 7.017534226179122925e-04 3.672954859212040901e-03
3.860000000000000000e+02 3.860000000000000000e+02 6.356007652357220650e-04 3.564804792404174805e-03
3.910000000000000000e+02 3.910000000000000000e+02 5.996257532387971878e-04 3.444710746407508850e-03
3.950000000000000000e+02 3.950000000000000000e+02 8.463792037218809128e-04 4.124950151890516281e-03
4.000000000000000000e+02 4.000000000000000000e+02 7.524660322815179825e-04 3.814804833382368088e-03
4.050000000000000000e+02 4.050000000000000000e+02 7.043159566819667816e-04 3.749795025214552879e-03
4.090000000000000000e+02 4.090000000000000000e+02 6.459993310272693634e-04 3.580712713301181793e-03
4.140000000000000000e+02 4.140000000000000000e+02 6.967026274651288986e-04 3.779449500143527985e-03
4.190000000000000000e+02 4.190000000000000000e+02 6.433326052501797676e-04 3.589174477383494377e-03
4.240000000000000000e+02 4.240000000000000000e+02 5.942237912677228451e-04 3.489666618406772614e-03
4.290000000000000000e+02 4.290000000000000000e+02 5.901688127778470516e-04 3.537423443049192429e-03
4.340000000000000000e+02 4.340000000000000000e+02 7.179045351222157478e-04 3.874401096254587173e-03
4.390000000000000000e+02 4.390000000000000000e+02 6.760845426470041275e-04 3.692965023219585419e-03
4.440000000000000000e+02 4.440000000000000000e+02 5.480888648889958858e-04 3.321299562230706215e-03
4.490000000000000000e+02 4.490000000000000000e+02 5.054256180301308632e-04 3.215007483959197998e-03
4.540000000000000000e+02 4.540000000000000000e+02 5.582949961535632610e-04 3.361662849783897400e-03
4.590000000000000000e+02 4.590000000000000000e+02 4.882685316260904074e-04 3.247294574975967407e-03
4.650000000000000000e+02 4.650000000000000000e+02 7.074032910168170929e-04 3.811285365372896194e-03
4.700000000000000000e+02 4.700000000000000000e+02 5.412555765360593796e-04 3.319459035992622375e-03
4.760000000000000000e+02 4.760000000000000000e+02 4.967651329934597015e-04 3.230675589293241501e-03
4.810000000000000000e+02 4.810000000000000000e+02 4.518771602306514978e-04 3.114939201623201370e-03
4.870000000000000000e+02 4.870000000000000000e+02 4.778687725774943829e-04 3.248480381444096565e-03
4.920000000000000000e+02 4.920000000000000000e+02 5.245085339993238449e-04 3.302239812910556793e-03
4.980000000000000000e+02 4.980000000000000000e+02 4.724827595055103302e-04 3.222299274057149887e-03
5.040000000000000000e+02 5.040000000000000000e+02 4.107167478650808334e-04 3.002967452630400658e-03
5.100000000000000000e+02 5.100000000000000000e+02 4.566764109767973423e-04 3.184614237397909164e-03
5.160000000000000000e+02 5.160000000000000000e+02 3.874677349813282490e-04 2.960795303806662560e-03
5.220000000000000000e+02 5.220000000000000000e+02 5.669267848134040833e-04 3.542557824403047562e-03
5.280000000000000000e+02 5.280000000000000000e+02 4.516495100688189268e-04 3.125698305666446686e-03
5.340000000000000000e+02 5.340000000000000000e+02 4.023410729132592678e-04 3.032608889043331146e-03
5.400000000000000000e+02 5.400000000000000000e+02 3.490094677545130253e-04 2.917643403634428978e-03
5.460000000000000000e+02 5.460000000000000000e+02 5.380884977057576180e-04 3.364005824550986290e-03
5.530000000000000000e+02 5.530000000000000000e+02 5.042692064307630062e-04 3.323917975649237633e-03
5.590000000000000000e+02 5.590000000000000000e+02 3.828912449534982443e-04 3.047183621674776077e-03
5.650000000000000000e+02 5.650000000000000000e+02 3.537012962624430656e-04 2.886018948629498482e-03
5.720000000000000000e+02 5.720000000000000000e+02 6.902282475493848324e-04 4.035042598843574524e-03
5.790000000000000000e+02 5.790000000000000000e+02 5.135894753038883209e-04 3.311516251415014267e-03
5.850000000000000000e+02 5.850000000000000000e+02 4.418065364006906748e-04 3.132293000817298889e-03
5.920000000000000000e+02 5.920000000000000000e+02 4.037729522679001093e-04 3.078250680118799210e-03
5.990000000000000000e+02 5.990000000000000000e+02 3.947278310079127550e-04 3.038237337023019791e-03
6.060000000000000000e+02 6.060000000000000000e+02 3.358879766892641783e-04 2.941902261227369308e-03
6.130000000000000000e+02 6.130000000000000000e+02 5.932564963586628437e-04 3.665490774437785149e-03
6.200000000000000000e+02 6.200000000000000000e+02 4.276267718523740768e-04 3.071422921493649483e-03
6.270000000000000000e+02 6.270000000000000000e+02 3.454783582128584385e-04 2.919805236160755157e-03
6.350000000000000000e+02 6.350000000000000000e+02 3.032995737157762051e-04 2.794036641716957092e-03
6.420000000000000000e+02 6.420000000000000000e+02 2.689782413654029369e-04 2.683575963601469994e-03
6.490000000000000000e+02 6.490000000000000000e+02 6.203904631547629833e-04 3.716910025104880333e-03
6.570000000000000000e+02 6.570000000000000000e+02 4.298582789488136768e-04 3.031794447451829910e-03
6.640000000000000000e+02 6.640000000000000000e+02 3.315125941298902035e-04 2.836480736732482910e-03
6.720000000000000000e+02 6.720000000000000000e+02 3.253940376453101635e-04 2.913413103669881821e-03
6.800000000000000000e+02 6.800000000000000000e+02 3.443859168328344822e-04 2.877364866435527802e-03
6.880000000000000000e+02 6.880000000000000000e+02 2.872117911465466022e-04 2.776900772005319595e-03
6.960000000000000000e+02 6.960000000000000000e+02 4.155719361733645201e-04 3.136149141937494278e-03
7.040000000000000000e+02 7.040000000000000000e+02 3.763409913517534733e-04 2.997736912220716476e-03
7.120000000000000000e+02 7.120000000000000000e+02 2.731526619754731655e-04 2.752768807113170624e-03
7.200000000000000000e+02 7.200000000000000000e+02 2.390884328633546829e-04 2.678165910765528679e-03
7.290000000000000000e+02 7.290000000000000000e+02 3.258080105297267437e-04 2.928133588284254074e-03
7.370000000000000000e+02 7.370000000000000000e+02 2.567106857895851135e-04 2.668709959834814072e-03
7.460000000000000000e+02 7.460000000000000000e+02 2.458008239045739174e-04 2.683033701032400131e-03
7.540000000000000000e+02 7.540000000000000000e+02 3.572952991817146540e-04 3.016940783709287643e-03
7.630000000000000000e+02 7.630000000000000000e+02 3.736176877282559872e-04 3.087178803980350494e-03
7.720000000000000000e+02 7.720000000000000000e+02 2.654754207469522953e-04 2.704246900975704193e-03
7.810000000000000000e+02 7.810000000000000000e+02 2.333797456230968237e-04 2.634797245264053345e-03
7.900000000000000000e+02 7.900000000000000000e+02 1.976838393602520227e-04 2.597069367766380310e-03
7.990000000000000000e+02 7.990000000000000000e+02 2.653913688845932484e-04 2.729895524680614471e-03
8.080000000000000000e+02 8.080000000000000000e+02 2.056454832199960947e-04 2.617436461150646210e-03
8.180000000000000000e+02 8.180000000000000000e+02 1.811510301195085049e-04 2.546649426221847534e-03
8.270000000000000000e+02 8.270000000000000000e+02 4.721832810901105404e-04 3.459104103967547417e-03
8.370000000000000000e+02 8.370000000000000000e+02 2.415088820271193981e-04 2.619273727759718895e-03
8.470000000000000000e+02 8.470000000000000000e+02 3.027459024451673031e-04 2.873379969969391823e-03
8.560000000000000000e+02 8.560000000000000000e+02 1.971266465261578560e-04 2.558875363320112228e-03
8.660000000000000000e+02 8.660000000000000000e+02 1.987791183637455106e-04 2.600373234599828720e-03
8.760000000000000000e+02 8.760000000000000000e+02 2.505671582184731960e-04 2.700511366128921509e-03
8.870000000000000000e+02 8.870000000000000000e+02 2.095041709253564477e-04 2.597306855022907257e-03
8.970000000000000000e+02 8.970000000000000000e+02 1.813038543332368135e-04 2.583293709903955460e-03
9.070000000000000000e+02 9.070000000000000000e+02 2.002383407671004534e-04 2.619670238345861435e-03
9.180000000000000000e+02 9.180000000000000000e+02 2.285189693793654442e-04 2.626098226755857468e-03
9.280000000000000000e+02 9.280000000000000000e+02 5.017110379412770271e-04 3.365306416526436806e-03
9.390000000000000000e+02 9.390000000000000000e+02 3.889781364705413580e-04 2.947787754237651825e-03
9.500000000000000000e+02 9.500000000000000000e+02 4.143755068071186543e-04 3.166461829096078873e-03
9.610000000000000000e+02 9.610000000000000000e+02 2.994186943396925926e-04 2.794688567519187927e-03
9.720000000000000000e+02 9.720000000000000000e+02 3.011659719049930573e-04 2.814463106915354729e-03
9.830000000000000000e+02 9.830000000000000000e+02 2.382700768066570163e-04 2.685589715838432312e-03
9.950000000000000000e+02 9.950000000000000000e+02 3.105982032138854265e-04 2.897631376981735229e-03
1.006000000000000000e+03 1.006000000000000000e+03 2.113476948579773307e-04 2.601399319246411324e-03
1.018000000000000000e+03 1.018000000000000000e+03 1.788329682312905788e-04 2.547404728829860687e-03
1.030000000000000000e+03 1.030000000000000000e+03 1.642476709093898535e-04 2.480041468515992165e-03
1.042000000000000000e+03 1.042000000000000000e+03 2.597429847810417414e-04 2.784902229905128479e-03
1.054000000000000000e+03 1.054000000000000000e+03 1.673985680099576712e-04 2.475853543728590012e-03
1.066000000000000000e+03 1.066000000000000000e+03 1.274659589398652315e-04 2.407188527286052704e-03
1.079000000000000000e+03 1.079000000000000000e+03 2.372683375142514706e-04 2.708289539441466331e-03
1.091000000000000000e+03 1.091000000000000000e+03 1.834030408645048738e-04 2.503593452274799347e-03
1.104000000000000000e+03 1.104000000000000000e+03 1.329550286754965782e-04 2.407012507319450378e-03
1.116000000000000000e+03 1.116000000000000000e+03 9.470435907132923603e-05 2.331694820895791054e-03
1.129000000000000000e+03 1.129000000000000000e+03 1.413968857377767563e-04 2.486957702785730362e-03
1.143000000000000000e+03 1.143000000000000000e+03 2.119674609275534749e-04 2.590677933767437935e-03
1.156000000000000000e+03 1.156000000000000000e+03 1.276357943424955010e-04 2.372334245592355728e-03
1.169000000000000000e+03 1.169000000000000000e+03 1.010628329822793603e-04 2.345958724617958069e-03
1.183000000000000000e+03 1.183000000000000000e+03 1.175222569145262241e-04 2.440634183585643768e-03
1.196000000000000000e+03 1.196000000000000000e+03 1.536993659101426601e-04 2.491115592420101166e-03
1.210000000000000000e+03 1.210000000000000000e+03 8.454801718471571803e-05 2.292444463819265366e-03
1.224000000000000000e+03 1.224000000000000000e+03 5.592792149400338531e-05 2.267846837639808655e-03
1.239000000000000000e+03 1.239000000000000000e+03 1.380169705953449011e-04 2.422741148620843887e-03
1.253000000000000000e+03 1.253000000000000000e+03 9.357332601211965084e-05 2.313349395990371704e-03
1.267000000000000000e+03 1.267000000000000000e+03 7.904136145953088999e-05 2.357537858188152313e-03
1.282000000000000000e+03 1.282000000000000000e+03 1.087452837964519858e-04 2.359883859753608704e-03
1.297000000000000000e+03 1.297000000000000000e+03 6.419300916604697704e-05 2.316806931048631668e-03
1.312000000000000000e+03 1.312000000000000000e+03 1.908880076371133327e-04 2.627515234053134918e-03
1.327000000000000000e+03 1.327000000000000000e+03 1.512048183940351009e-04 2.488675527274608612e-03
1.343000000000000000e+03 1.343000000000000000e+03 1.491664443165063858e-04 2.501714508980512619e-03
1.358000000000000000e+03 1.358000000000000000e+03 8.930301555665209889e-05 2.349899383261799812e-03
1.374000000000000000e+03 1.374000000000000000e+03 1.621860428713262081e-04 2.510804217308759689e-03
1.390000000000000000e+03 1.390000000000000000e+03 8.074601646512746811e-05 2.300600055605173111e-03
1.406000000000000000e+03 1.406000000000000000e+03 2.239564928459003568e-04 2.683852333575487137e-03
1.422000000000000000e+03 1.422000000000000000e+03 1.577006187289953232e-04 2.490769373252987862e-03
1.439000000000000000e+03 1.439000000000000000e+03 1.874971785582602024e-04 2.504427917301654816e-03
1.455000000000000000e+03 1.455000000000000000e+03 1.377052394673228264e-04 2.367655513808131218e-03
1.472000000000000000e+03 1.472000000000000000e+03 1.168701783171854913e-04 2.362709026783704758e-03
1.489000000000000000e+03 1.489000000000000000e+03 8.675369463162496686e-05 2.314371755346655846e-03
1.507000000000000000e+03 1.507000000000000000e+03 3.793980868067592382e-04 3.002125769853591919e-03
1.524000000000000000e+03 1.524000000000000000e+03 2.293075085617601871e-04 2.586503513157367706e-03
1.542000000000000000e+03 1.542000000000000000e+03 1.904703385662287474e-04 2.491127233952283859e-03
1.560000000000000000e+03 1.560000000000000000e+03 1.317605929216369987e-04 2.358665922656655312e-03
1.578000000000000000e+03 1.578000000000000000e+03 8.862717368174344301e-05 2.249686978757381439e-03
1.596000000000000000e+03 1.596000000000000000e+03 8.937902748584747314e-05 2.288314513862133026e-03
1.615000000000000000e+03 1.615000000000000000e+03 1.452510914532467723e-04 2.533383900299668312e-03
1.633000000000000000e+03 1.633000000000000000e+03 9.079663141164928675e-05 2.318908460438251495e-03
1.652000000000000000e+03 1.652000000000000000e+03 4.495084431255236268e-05 2.188442740589380264e-03
1.671000000000000000e+03 1.671000000000000000e+03 1.543494581710547209e-04 2.470746636390686035e-03
1.691000000000000000e+03 1.691000000000000000e+03 5.462826811708509922e-05 2.218229696154594421e-03
1.710000000000000000e+03 1.710000000000000000e+03 7.551485759904608130e-05 2.334945136681199074e-03
1.730000000000000000e+03 1.730000000000000000e+03 5.184603287489153445e-05 2.233762294054031372e-03
1.750000000000000000e+03 1.750000000000000000e+03 1.057720219250768423e-04 2.411793917417526245e-03
1.771000000000000000e+03 1.771000000000000000e+03 4.069619171787053347e-05 2.219069749116897583e-03
1.791000000000000000e+03 1.791000000000000000e+03 5.303135549183934927e-05 2.259717555716633797e-03
1.812000000000000000e+03 1.812000000000000000e+03 4.351639654487371445e-05 2.255652565509080887e-03
1.833000000000000000e+03 1.833000000000000000e+03 4.233882646076381207e-05 2.242854796350002289e-03
1.854000000000000000e+03 1.854000000000000000e+03 4.759572038892656565e-05 2.241452224552631378e-03
1.876000000000000000e+03 1.876000000000000000e+03 1.888250262709334493e-04 2.611627103760838509e-03
1.897000000000000000e+03 1.897000000000000000e+03 3.828736662399023771e-04 3.064088989049196243e-03
1.919000000000000000e+03 1.919000000000000000e+03 2.395930787315592170e-04 2.740269992500543594e-03
1.942000000000000000e+03 1.942000000000000000e+03 1.733346725814044476e-04 2.535242587327957153e-03
1.964000000000000000e+03 1.964000000000000000e+03 1.435729063814505935e-04 2.377133816480636597e-03
1.987000000000000000e+03 1.987000000000000000e+03 1.007926330203190446e-04 2.312427153810858727e-03
2.010000000000000000e+03 2.010000000000000000e+03 4.650109622161835432e-05 2.195362001657485962e-03
2.033000000000000000e+03 2.033000000000000000e+03 9.354602661915123463e-05 2.295412588864564896e-03
2.057000000000000000e+03 2.057000000000000000e+03 3.294870111858472228e-05 2.169763669371604919e-03
2.081000000000000000e+03 2.081000000000000000e+03 4.625161454896442592e-05 2.217643661424517632e-03
2.105000000000000000e+03 2.105000000000000000e+03 4.991473542759194970e-05 2.247983589768409729e-03
2.129000000000000000e+03 2.129000000000000000e+03 3.194392411387525499e-05 2.194281667470932007e-03
2.154000000000000000e+03 2.154000000000000000e+03 1.255642855539917946e-04 2.414137125015258789e-03
2.179000000000000000e+03 2.179000000000000000e+03 5.519459955394268036e-05 2.193775027990341187e-03
2.204000000000000000e+03 2.204000000000000000e+03 2.443724588374607265e-05 2.167992061004042625e-03
2.230000000000000000e+03 2.230000000000000000e+03 6.752961053280159831e-05 2.305544447153806686e-03
2.256000000000000000e+03 2.256000000000000000e+03 4.931642979499883950e-05 2.260706387460231781e-03
2.282000000000000000e+03 2.282000000000000000e+03 3.819071571342647076e-05 2.230878220871090889e-03
2.308000000000000000e+03 2.308000000000000000e+03 2.151777152903378010e-05 2.183985430747270584e-03
2.335000000000000000e+03 2.335000000000000000e+03 3.662184462882578373e-05 2.223652321845293045e-03
2.362000000000000000e+03 2.362000000000000000e+03 2.315287565579637885e-05 2.191198989748954773e-03
2.389000000000000000e+03 2.389000000000000000e+03 5.679207388311624527e-04 3.712409641593694687e-03
2.417000000000000000e+03 2.417000000000000000e+03 4.009664990007877350e-04 2.937332727015018463e-03
2.445000000000000000e+03 2.445000000000000000e+03 1.311236992478370667e-04 2.296326216310262680e-03
2.473000000000000000e+03 2.473000000000000000e+03 6.880490400362759829e-05 2.183590782806277275e-03
2.502000000000000000e+03 2.502000000000000000e+03 9.392211359227076173e-05 2.330927643924951553e-03
2.531000000000000000e+03 2.531000000000000000e+03 8.750791312195360661e-05 2.289033029228448868e-03
2.560000000000000000e+03 2.560000000000000000e+03 1.325226621702313423e-04 2.370384056121110916e-03
2.590000000000000000e+03 2.590000000000000000e+03 4.027412796858698130e-05 2.139998832717537880e-03
2.620000000000000000e+03 2.620000000000000000e+03 1.600578543730080128e-04 2.541947178542613983e-03
2.651000000000000000e+03 2.651000000000000000e+03 2.699567266972735524e-05 2.128569874912500381e-03
2.681000000000000000e+03 2.681000000000000000e+03 6.632117583649232984e-05 2.235645428299903870e-03
2.712000000000000000e+03 2.712000000000000000e+03 2.137009323632810265e-05 2.127279527485370636e-03
2.744000000000000000e+03 2.744000000000000000e+03 4.400861507747322321e-05 2.191861392930150032e-03
2.776000000000000000e+03 2.776000000000000000e+03 2.440471507725305855e-05 2.165667014196515083e-03
2.808000000000000000e+03 2.808000000000000000e+03 1.767671928973868489e-04 2.495896304026246071e-03
2.840000000000000000e+03 2.840000000000000000e+03 1.179831306217238307e-04 2.259483328089118004e-03
2.873000000000000000e+03 2.873000000000000000e+03 2.810256955854129046e-05 2.097862306982278824e-03
2.907000000000000000e+03 2.907000000000000000e+03 2.365346517763100564e-05 2.102920785546302795e-03
2.940000000000000000e+03 2.940000000000000000e+03 2.100845085806213319e-05 2.100420184433460236e-03
2.974000000000000000e+03 2.974000000000000000e+03 4.862597779720090330e-05 2.186389174312353134e-03
3.009000000000000000e+03 3.009000000000000000e+03 1.316474117629695684e-05 2.105419291183352470e-03
3.044000000000000000e+03 3.044000000000000000e+03 6.855291576357558370e-05 2.272230340167880058e-03
3.079000000000000000e+03 3.079000000000000000e+03 4.485742538236081600e-04 2.895999699831008911e-03
3.115000000000000000e+03 3.115000000000000000e+03 2.489580947440117598e-04 2.507942961528897285e-03
3.151000000000000000e+03 3.151000000000000000e+03 1.939353678608313203e-04 2.412065397948026657e-03
3.187000000000000000e+03 3.187000000000000000e+03 1.959250075742602348e-04 2.372464397922158241e-03
3.224000000000000000e+03 3.224000000000000000e+03 1.221204583998769522e-04 2.249041106551885605e-03
3.262000000000000000e+03 3.262000000000000000e+03 1.585858990438282490e-04 2.357341349124908447e-03
3.300000000000000000e+03 3.300000000000000000e+03 7.529948197770863771e-05 2.127687446773052216e-03
3.338000000000000000e+03 3.338000000000000000e+03 8.068863826338201761e-05 2.150440588593482971e-03
3.376000000000000000e+03 3.376000000000000000e+03 8.590080688009038568e-05 2.182256197556853294e-03
3.416000000000000000e+03 3.416000000000000000e+03 8.153094677254557610e-05 2.152274828404188156e-03
3.455000000000000000e+03 3.455000000000000000e+03 3.371499406057409942e-05 2.005297690629959106e-03
3.495000000000000000e+03 3.495000000000000000e+03 2.468849561410024762e-05 1.992439851164817810e-03
3.536000000000000000e+03 3.536000000000000000e+03 3.472884054644964635e-05 2.053634729236364365e-03
3.577000000000000000e+03 3.577000000000000000e+03 9.664644312579184771e-05 2.262453548610210419e-03
3.618000000000000000e+03 3.618000000000000000e+03 1.150460157077759504e-04 2.230082172900438309e-03
3.660000000000000000e+03 3.660000000000000000e+03 3.594983718357980251e-05 2.004493493586778641e-03
3.703000000000000000e+03 3.703000000000000000e+03 2.536447573220357299e-05 2.005056943744421005e-03
3.746000000000000000e+03 3.746000000000000000e+03 3.043716060346923769e-05 2.028337214142084122e-03
3.789000000000000000e+03 3.789000000000000000e+03 2.447137085255235434e-04 2.506318967789411545e-03
3.833000000000000000e+03 3.833000000000000000e+03 1.786328066373243928e-04 2.440304029732942581e-03
3.877000000000000000e+03 3.877000000000000000e+03 5.613109169644303620e-05 2.033462515100836754e-03
3.922000000000000000e+03 3.922000000000000000e+03 2.923518877651076764e-05 2.001132816076278687e-03
3.968000000000000000e+03 3.968000000000000000e+03 1.872591019491665065e-05 1.962573267519474030e-03
4.014000000000000000e+03 4.014000000000000000e+03 2.412531102891080081e-05 1.976978033781051636e-03
4.060000000000000000e+03 4.060000000000000000e+03 1.751599120325408876e-05 1.981256529688835144e-03
4.107000000000000000e+03 4.107000000000000000e+03 1.240493293153122067e-05 1.963821705430746078e-03
4.155000000000000000e+03 4.155000000000000000e+03 1.032361979014240205e-05 1.964512746781110764e-03
4.203000000000000000e+03 4.203000000000000000e+03 1.840293043642304838e-05 1.987393014132976532e-03
4.252000000000000000e+03 4.252000000000000000e+03 1.828268432291224599e-05 1.987639814615249634e-03
4.301000000000000000e+03 4.301000000000000000e+03 1.828213498811237514e-05 1.988370437175035477e-03
4.351000000000000000e+03 4.351000000000000000e+03 1.206318211188772693e-05 1.972499769181013107e-03
4.401000000000000000e+03 4.401000000000000000e+03 1.337078083452070132e-05 1.973727717995643616e-03
4.452000000000000000e+03 4.452000000000000000e+03 1.975208215299062431e-05 1.985348761081695557e-03
4.504000000000000000e+03 4.504000000000000000e+03 1.667482320044655353e-05 1.997589133679866791e-03
4.556000000000000000e+03 4.556000000000000000e+03 9.146240699919871986e-06 1.964696217328310013e-03
4.609000000000000000e+03 4.609000000000000000e+03 5.117628606967628002e-04 3.079640213400125504e-03
4.663000000000000000e+03 4.663000000000000000e+03 9.193422738462686539e-05 2.068919595330953598e-03
4.717000000000000000e+03 4.717000000000000000e+03 5.252978735370561481e-05 1.985359936952590942e-03
4.771000000000000000e+03 4.771000000000000000e+03 3.988495518569834530e-05 2.024015877395868301e-03
4.827000000000000000e+03 4.827000000000000000e+03 4.318907303968444467e-05 2.058870391920208931e-03
4.882000000000000000e+03 4.882000000000000000e+03 1.467096171836601570e-05 1.979906577616930008e-03
4.939000000000000000e+03 4.939000000000000000e+03 1.528747270640451461e-05 1.992857549339532852e-03
4.996000000000000000e+03 4.996000000000000000e+03 1.938365494424942881e-05 2.012764103710651398e-03
5.054000000000000000e+03 5.054000000000000000e+03 1.115787563321646303e-05 1.989264041185379028e-03
5.113000000000000000e+03 5.113000000000000000e+03 3.456715421634726226e-05 2.054147887974977493e-03
5.172000000000000000e+03 5.172000000000000000e+03 1.606859223102219403e-05 1.994023565202951431e-03
5.232000000000000000e+03 5.232000000000000000e+03 1.874528970802202821e-05 1.995582133531570435e-03
5.293000000000000000e+03 5.293000000000000000e+03 5.924307042732834816e-04 3.286237362772226334e-03
5.354000000000000000e+03 5.354000000000000000e+03 8.634258119855076075e-05 2.057308331131935120e-03
5.416000000000000000e+03 5.416000000000000000e+03 2.199883601861074567e-05 1.910423394292593002e-03
5.479000000000000000e+03 5.479000000000000000e+03 1.318877366429660469e-05 1.919451402500271797e-03
5.542000000000000000e+03 5.542000000000000000e+03 1.031219471769873053e-05 1.912423409521579742e-03
5.607000000000000000e+03 5.607000000000000000e+03 2.469628234393894672e-04 2.474097069352865219e-03
5.672000000000000000e+03 5.672000000000000000e+03 8.246676588896661997e-05 2.059116959571838379e-03
5.737000000000000000e+03 5.737000000000000000e+03 4.200916737318038940e-05 2.015180187299847603e-03
5.804000000000000000e+03 5.804000000000000000e+03 1.620538023416884243e-05 1.941164489835500717e-03
5.871000000000000000e+03 5.871000000000000000e+03 3.431623190408572555e-05 1.977454870939254761e-03
5.939000000000000000e+03 5.939000000000000000e+03 1.413838981534354389e-05 1.922391238622367382e-03
6.008000000000000000e+03 6.008000000000000000e+03 1.084376708604395390e-05 1.928331097587943077e-03
6.078000000000000000e+03 6.078000000000000000e+03 5.660966053255833685e-06 1.922251190990209579e-03
6.148000000000000000e+03 6.148000000000000000e+03 4.591737706505227834e-06 1.930615864694118500e-03
6.220000000000000000e+03 6.220000000000000000e+03 3.818836412392556667e-04 2.843780443072319031e-03
6.292000000000000000e+03 6.292000000000000000e+03 6.005504837958142161e-05 1.942678820341825485e-03
6.365000000000000000e+03 6.365000000000000000e+03 1.692750083748251200e-05 1.867179293185472488e-03
6.438000000000000000e+03 6.438000000000000000e+03 1.104731745726894587e-05 1.873912056908011436e-03
6.513000000000000000e+03 6.513000000000000000e+03 8.921992048271931708e-06 1.868498162366449833e-03
6.588000000000000000e+03 6.588000000000000000e+03 7.993232429726049304e-06 1.862483564764261246e-03
6.665000000000000000e+03 6.665000000000000000e+03 5.994526873109862208e-06 1.871889806352555752e-03
6.742000000000000000e+03 6.742000000000000000e+03 1.942801100085489452e-05 1.919617992825806141e-03
6.820000000000000000e+03 6.820000000000000000e+03 2.807960481732152402e-05 1.950557110831141472e-03
6.899000000000000000e+03 6.899000000000000000e+03 1.173399869003333151e-05 1.885407371446490288e-03
6.979000000000000000e+03 6.979000000000000000e+03 4.326986527303233743e-06 1.880192314274609089e-03
7.060000000000000000e+03 7.060000000000000000e+03 1.473730117140803486e-05 1.914163003675639629e-03
7.142000000000000000e+03 7.142000000000000000e+03 4.952856215822976083e-06 1.862906618043780327e-03
7.225000000000000000e+03 7.225000000000000000e+03 1.113998314394848421e-05 1.879105111584067345e-03
7.309000000000000000e+03 7.309000000000000000e+03 1.332907413598150015e-05 1.899776048958301544e-03
7.393000000000000000e+03 7.393000000000000000e+03 1.154519122792407870e-05 1.872381777502596378e-03
7.479000000000000000e+03 7.479000000000000000e+03 3.364818894624477252e-06 1.864711521193385124e-03
7.566000000000000000e+03 7.566000000000000000e+03 2.571204277046490461e-06 1.859828596934676170e-03
7.653000000000000000e+03 7.653000000000000000e+03 9.745011084305588156e-06 1.879060175269842148e-03
7.742000000000000000e+03 7.742000000000000000e+03 2.448981831548735499e-06 1.858188305050134659e-03
7.832000000000000000e+03 7.832000000000000000e+03 3.970349207520484924e-04 2.685342216864228249e-03
7.923000000000000000e+03 7.923000000000000000e+03 8.855709165800362825e-05 1.958738546818494797e-03
8.014000000000000000e+03 8.014000000000000000e+03 4.188612729194574058e-05 1.882135751657187939e-03
8.107000000000000000e+03 8.107000000000000000e+03 8.810155850369483232e-05 2.026448491960763931e-03
8.201000000000000000e+03 8.201000000000000000e+03 1.186455119750462472e-05 1.835135277360677719e-03
8.296000000000000000e+03 8.296000000000000000e+03 7.234685199364321306e-06 1.849376829341053963e-03
8.393000000000000000e+03 8.393000000000000000e+03 9.804176443140022457e-06 1.851960900239646435e-03
8.490000000000000000e+03 8.490000000000000000e+03 5.487001544679515064e-06 1.853287452831864357e-03
8.588000000000000000e+03 8.588000000000000000e+03 5.555622919928282499e-06 1.845828955993056297e-03
8.688000000000000000e+03 8.688000000000000000e+03 6.315935479506151751e-06 1.859001116827130318e-03
8.789000000000000000e+03 8.789000000000000000e+03 2.418170333839952946e-05 1.896837144158780575e-03
8.890000000000000000e+03 8.890000000000000000e+03 8.603828973718918860e-06 1.860313583165407181e-03
8.993000000000000000e+03 8.993000000000000000e+03 7.936762813187669963e-06 1.866815960966050625e-03
9.098000000000000000e+03 9.098000000000000000e+03 2.972385264001786709e-04 2.465070458129048347e-03
9.203000000000000000e+03 9.203000000000000000e+03 6.099798338254913688e-05 1.933848485350608826e-03
9.310000000000000000e+03 9.310000000000000000e+03 1.341535426035989076e-05 1.819917000830173492e-03
9.418000000000000000e+03 9.418000000000000000e+03 9.938143193721771240e-06 1.835347851738333702e-03
9.527000000000000000e+03 9.527000000000000000e+03 7.688042387599125504e-06 1.832075417041778564e-03
9.637000000000000000e+03 9.637000000000000000e+03 9.645166574046015739e-05 2.031199634075164795e-03
9.749000000000000000e+03 9.749000000000000000e+03 1.798512312234379351e-05 1.862892881035804749e-03
9.862000000000000000e+03 9.862000000000000000e+03 1.572056862642057240e-05 1.868197927251458168e-03
9.976000000000000000e+03 9.976000000000000000e+03 3.211745206499472260e-05 1.908238162286579609e-03
1.009200000000000000e+04 1.009200000000000000e+04 1.499016889283666387e-05 1.869334606453776360e-03
1.020900000000000000e+04 1.020900000000000000e+04 1.502331542724277824e-05 1.853835070505738258e-03
1.032700000000000000e+04 1.032700000000000000e+04 2.335947283427231014e-05 1.880900468677282333e-03
1.044700000000000000e+04 1.044700000000000000e+04 1.820072611735668033e-05 1.854466740041971207e-03
1.056800000000000000e+04 1.056800000000000000e+04 1.949118086486123502e-05 1.850402681156992912e-03
1.069100000000000000e+04 1.069100000000000000e+04 4.383838677313178778e-05 1.899213297292590141e-03
1.081500000000000000e+04 1.081500000000000000e+04 8.346182767127174884e-06 1.810051267966628075e-03
1.094000000000000000e+04 1.094000000000000000e+04 5.572465852310415357e-06 1.808206434361636639e-03
1.106700000000000000e+04 1.106700000000000000e+04 6.587290954485069960e-06 1.821687677875161171e-03
1.119500000000000000e+04 1.119500000000000000e+04 3.313531806270475499e-06 1.817704993300139904e-03
1.132500000000000000e+04 1.132500000000000000e+04 9.024677638080902398e-06 1.808050554245710373e-03
1.145600000000000000e+04 1.145600000000000000e+04 4.502388037508353591e-06 1.821910962462425232e-03
1.158900000000000000e+04 1.158900000000000000e+04 3.117396317975362763e-06 1.819163328036665916e-03
1.172300000000000000e+04 1.172300000000000000e+04 2.895922534662531689e-06 1.812417060136795044e-03
1.185900000000000000e+04 1.185900000000000000e+04 1.540496159577742219e-04 2.166972262784838676e-03
1.199700000000000000e+04 1.199700000000000000e+04 1.957282802322879434e-05 1.894301734864711761e-03
1.213600000000000000e+04 1.213600000000000000e+04 7.259714038809761405e-06 1.876408932730555534e-03
1.227600000000000000e+04 1.227600000000000000e+04 1.402011548634618521e-05 1.920345239341259003e-03
1.241900000000000000e+04 1.241900000000000000e+04 4.050960797030711547e-06 1.891978317871689796e-03
1.256300000000000000e+04 1.256300000000000000e+04 7.235667453642236069e-06 1.876893453299999237e-03
1.270800000000000000e+04 1.270800000000000000e+04 9.836029494181275368e-05 2.112544141709804535e-03
1.285500000000000000e+04 1.285500000000000000e+04 4.091933078598231077e-06 1.868675346486270428e-03
1.300500000000000000e+04 1.300500000000000000e+04 6.929040864633861929e-06 1.881674514152109623e-03
1.315500000000000000e+04 1.315500000000000000e+04 6.447455689340131357e-06 1.886340207420289516e-03
1.330800000000000000e+04 1.330800000000000000e+04 4.552598056761780754e-06 1.870564999990165234e-03
1.346200000000000000e+04 1.346200000000000000e+04 8.376611731364391744e-06 1.870012492872774601e-03
1.361800000000000000e+04 1.361800000000000000e+04 2.898958655350725166e-06 1.854820875450968742e-03
1.377600000000000000e+04 1.377600000000000000e+04 2.832171503541758284e-06 1.859262119978666306e-03
1.393600000000000000e+04 1.393600000000000000e+04 2.766711986623704433e-05 1.781076425686478615e-03
1.409700000000000000e+04 1.409700000000000000e+04 1.974291262740734965e-05 1.812761416658759117e-03
1.426100000000000000e+04 1.426100000000000000e+04 7.861393896746449172e-06 1.800299854949116707e-03
1.442600000000000000e+04 1.442600000000000000e+04 4.050134521094150841e-06 1.802908722311258316e-03
1.459300000000000000e+04 1.459300000000000000e+04 4.022757821076083928e-06 1.780080609023571014e-03
1.476200000000000000e+04 1.476200000000000000e+04 3.781816758419154212e-06 1.788909779861569405e-03
1.493300000000000000e+04 1.493300000000000000e+04 3.008541625604266301e-06 1.789718051441013813e-03
1.510600000000000000e+04 1.510600000000000000e+04 8.627947681816294789e-05 2.069195732474327087e-03
1.528200000000000000e+04 1.528200000000000000e+04 1.269599124498199672e-05 1.797017408534884453e-03
1.545900000000000000e+04 1.545900000000000000e+04 4.692913080361904576e-06 1.817148411646485329e-03
1.563800000000000000e+04 1.563800000000000000e+04 2.913253183578490280e-06 1.817867625504732132e-03
1.581900000000000000e+04 1.581900000000000000e+04 3.117144160569296218e-06 1.821617013774812222e-03
1.600200000000000000e+04 1.600200000000000000e+04 1.073787916539004073e-05 1.840111333876848221e-03
1.618800000000000000e+04 1.618800000000000000e+04 6.153753474791301414e-06 1.819317694753408432e-03
1.637600000000000000e+04 1.637600000000000000e+04 5.307864739734213799e-06 1.821781508624553680e-03
1.656500000000000000e+04 1.656500000000000000e+04 1.062223054759670049e-05 1.814637333154678345e-03
1.675700000000000000e+04 1.675700000000000000e+04 6.326325092231854796e-06 1.816761912778019905e-03
1.695200000000000000e+04 1.695200000000000000e+04 5.130206773173995316e-06 1.836020499467849731e-03
1.714800000000000000e+04 1.714800000000000000e+04 3.445602033025352284e-06 1.824534148909151554e-03
1.734700000000000000e+04 1.734700000000000000e+04 7.458366326318355277e-06 1.842860481701791286e-03
1.754800000000000000e+04 1.754800000000000000e+04 2.960630126835894771e-06 1.815894152969121933e-03
1.775100000000000000e+04 1.775100000000000000e+04 1.146910221905272920e-06 1.822104677557945251e-03
1.795700000000000000e+04 1.795700000000000000e+04 1.274301175726577640e-04 2.150079468265175819e-03
1.816500000000000000e+04 1.816500000000000000e+04 9.118181878875475377e-06 1.820509321987628937e-03
1.837600000000000000e+04 1.837600000000000000e+04 5.431693352875299752e-06 1.849410124123096466e-03
1.858900000000000000e+04 1.858900000000000000e+04 3.956296950491378084e-06 1.855810172855854034e-03
1.880400000000000000e+04 1.880400000000000000e+04 2.953684088424779475e-06 1.855856971815228462e-03
1.902200000000000000e+04 1.902200000000000000e+04 2.216814891653484665e-06 1.859042909927666187e-03
1.924300000000000000e+04 1.924300000000000000e+04 3.021997144969645888e-06 1.864884048700332642e-03
1.946600000000000000e+04 1.946600000000000000e+04 1.077694469131529331e-05 1.859988085925579071e-03
1.969200000000000000e+04 1.969200000000000000e+04 1.694281081654480658e-06 1.840039854869246483e-03
1.992000000000000000e+04 1.992000000000000000e+04 2.059656708297552541e-06 1.835200702771544456e-03
2.015100000000000000e+04 2.015100000000000000e+04 1.969593577086925507e-04 2.396239200606942177e-03
2.038400000000000000e+04 2.038400000000000000e+04 1.354772302875062451e-05 1.856366870924830437e-03
2.062100000000000000e+04 2.062100000000000000e+04 9.190785931423306465e-06 1.881592790596187115e-03
2.086000000000000000e+04 2.086000000000000000e+04 3.199472303094808012e-06 1.866630627773702145e-03
2.110100000000000000e+04 2.110100000000000000e+04 4.442352746991673484e-06 1.864329678937792778e-03
2.134600000000000000e+04 2.134600000000000000e+04 3.092251745329122059e-06 1.798311015591025352e-03
2.159300000000000000e+04 2.159300000000000000e+04 1.620648799871560186e-05 1.841969322413206100e-03
2.184400000000000000e+04 2.184400000000000000e+04 4.047617949254345149e-06 1.816313713788986206e-03
2.209700000000000000e+04 2.209700000000000000e+04 1.874355803010985255e-06 1.805715961381793022e-03
2.235300000000000000e+04 2.235300000000000000e+04 8.799465831543784589e-06 1.792732276953756809e-03
2.261200000000000000e+04 2.261200000000000000e+04 7.107007149897981435e-06 1.809961744584143162e-03
2.287400000000000000e+04 2.287400000000000000e+04 9.324718121206387877e-06 1.800484722480177879e-03
2.313900000000000000e+04 2.313900000000000000e+04 3.246513642807258293e-06 1.806410029530525208e-03
2.340800000000000000e+04 2.340800000000000000e+04 2.933124505943851545e-06 1.791398623026907444e-03
2.367900000000000000e+04 2.367900000000000000e+04 2.672627306310459971e-05 1.873221481218934059e-03
2.395300000000000000e+04 2.395300000000000000e+04 6.451163244491908699e-06 1.796687021851539612e-03
2.423100000000000000e+04 2.423100000000000000e+04 3.867608938890043646e-06 1.819280907511711121e-03
2.451200000000000000e+04 2.451200000000000000e+04 2.678500095498748124e-06 1.798258628696203232e-03
2.479600000000000000e+04 2.479600000000000000e+04 2.258020231238333508e-06 1.793252187781035900e-03
2.508300000000000000e+04 2.508300000000000000e+04 2.816654614434810355e-06 1.795542659237980843e-03
2.537400000000000000e+04 2.537400000000000000e+04 7.708518751314841211e-06 1.800259226001799107e-03
2.566800000000000000e+04 2.566800000000000000e+04 3.582098088372731581e-06 1.804879517294466496e-03
2.596600000000000000e+04 2.596600000000000000e+04 2.897051444961107336e-06 1.792495837435126305e-03
2.626700000000000000e+04 2.626700000000000000e+04 3.110310899501200765e-06 1.775375800207257271e-03
2.657100000000000000e+04 2.657100000000000000e+04 1.747937858453951776e-06 1.779154874384403229e-03
2.687900000000000000e+04 2.687900000000000000e+04 2.430048880341928452e-06 1.779990037903189659e-03
2.719100000000000000e+04 2.719100000000000000e+04 1.214641997648868710e-06 1.769796945154666901e-03
2.750600000000000000e+04 2.750600000000000000e+04 2.531933660065988079e-06 1.752712298184633255e-03
2.782500000000000000e+04 2.782500000000000000e+04 1.832086127251386642e-06 1.770129194483160973e-03
2.814700000000000000e+04 2.814700000000000000e+04 2.058125119219766930e-06 1.773620257154107094e-03
2.847400000000000000e+04 2.847400000000000000e+04 1.184712004942412023e-06 1.784692285582423210e-03
2.880400000000000000e+04 2.880400000000000000e+04 3.556501951607060619e-06 1.795639633201062679e-03
2.913800000000000000e+04 2.913800000000000000e+04 1.188240730698453262e-06 1.781226252205669880e-03
2.947500000000000000e+04 2.947500000000000000e+04 3.092753559030825272e-06 1.767351524904370308e-03
2.981700000000000000e+04 2.981700000000000000e+04 2.734413101279642433e-06 1.760748913511633873e-03
3.016300000000000000e+04 3.016300000000000000e+04 3.185321475029923022e-06 1.781312981620430946e-03
3.051200000000000000e+04 3.051200000000000000e+04 1.399109578414936550e-06 1.780299469828605652e-03
3.086600000000000000e+04 3.086600000000000000e+04 4.958267254551174119e-06 1.770842005498707294e-03
3.122400000000000000e+04 3.122400000000000000e+04 7.641424417670350522e-07 1.760778133757412434e-03
3.158600000000000000e+04 3.158600000000000000e+04 6.356775702442973852e-05 1.820344827137887478e-03
3.195200000000000000e+04 3.195200000000000000e+04 1.586806092745973729e-06 1.753713469952344894e-03
3.232200000000000000e+04 3.232200000000000000e+04 3.156810635118745267e-06 1.769888447597622871e-03
3.269700000000000000e+04 3.269700000000000000e+04 1.017937847791472450e-06 1.774674048647284508e-03
3.307600000000000000e+04 3.307600000000000000e+04 8.186210038729768712e-07 1.781531376764178276e-03
3.345900000000000000e+04 3.345900000000000000e+04 1.825286308303475380e-04 2.280234359204769135e-03
3.384700000000000000e+04 3.384700000000000000e+04 3.952171027776785195e-06 1.740637002512812614e-03
3.423900000000000000e+04 3.423900000000000000e+04 3.428165882723988034e-06 1.740537001751363277e-03
3.463600000000000000e+04 3.463600000000000000e+04 3.298523324701818638e-06 1.745335990563035011e-03
3.503800000000000000e+04 3.503800000000000000e+04 1.993571459024678916e-06 1.743218395859003067e-03
3.544400000000000000e+04 3.544400000000000000e+04 1.258000111192814074e-06 1.711144577711820602e-03
3.585500000000000000e+04 3.585500000000000000e+04 2.459388924762606621e-04 2.419826108962297440e-03
3.627000000000000000e+04 3.627000000000000000e+04 2.337736987101379782e-06 1.741560176014900208e-03
3.669100000000000000e+04 3.669100000000000000e+04 2.119865030181244947e-06 1.754823606461286545e-03
3.711600000000000000e+04 3.711600000000000000e+04 2.454778950777836144e-06 1.773388125002384186e-03
3.754600000000000000e+04 3.754600000000000000e+04 3.353184729348868132e-05 1.775207463651895523e-03
3.798100000000000000e+04 3.798100000000000000e+04 1.792632815522665624e-06 1.722935354337096214e-03
3.842200000000000000e+04 3.842200000000000000e+04 6.851686862319184002e-07 1.733755925670266151e-03
3.886700000000000000e+04 3.886700000000000000e+04 2.591271822893759236e-06 1.730222254991531372e-03
3.931700000000000000e+04 3.931700000000000000e+04 7.150723604354425333e-07 1.743618049658834934e-03
3.977300000000000000e+04 3.977300000000000000e+04 8.864428195920481812e-07 1.753043849021196365e-03
4.023400000000000000e+04 4.023400000000000000e+04 5.522854849004943389e-07 1.755297183990478516e-03
4.070100000000000000e+04 4.070100000000000000e+04 5.525290021068940405e-07 1.759445876814424992e-03
4.117200000000000000e+04 4.117200000000000000e+04 1.928393885464174673e-06 1.760518178343772888e-03
4.165000000000000000e+04 4.165000000000000000e+04 7.921250357867393177e-07 1.779026701115071774e-03
4.213200000000000000e+04 4.213200000000000000e+04 3.196408215444535017e-06 1.764400396496057510e-03
4.262100000000000000e+04 4.262100000000000000e+04 4.095784788660239428e-06 1.773606054484844208e-03
4.311500000000000000e+04 4.311500000000000000e+04 4.697075200965628028e-05 1.921199262142181396e-03
4.361400000000000000e+04 4.361400000000000000e+04 4.290504875825718045e-07 1.740524196065962315e-03
4.412000000000000000e+04 4.412000000000000000e+04 3.815333911916241050e-06 1.729956129565834999e-03
4.463100000000000000e+04 4.463100000000000000e+04 1.726059508655453101e-06 1.776135060936212540e-03
4.514900000000000000e+04 4.514900000000000000e+04 1.882785909401718527e-06 1.784346299245953560e-03
4.567200000000000000e+04 4.567200000000000000e+04 7.795889018780144397e-07 1.776504213921725750e-03
4.620100000000000000e+04 4.620100000000000000e+04 3.815165655396413058e-06 1.786674489267170429e-03
4.673700000000000000e+04 4.673700000000000000e+04 3.215554897906258702e-06 1.763263717293739319e-03
4.727900000000000000e+04 4.727900000000000000e+04 4.253107022123003844e-07 1.762525760568678379e-03
4.782700000000000000e+04 4.782700000000000000e+04 1.795424054762406740e-06 1.745554152876138687e-03
4.838100000000000000e+04 4.838100000000000000e+04 1.480335299675061833e-06 1.760861021466553211e-03
4.894200000000000000e+04 4.894200000000000000e+04 1.800023369469272438e-06 1.759911887347698212e-03
4.950900000000000000e+04 4.950900000000000000e+04 4.694256858783774078e-07 1.752233365550637245e-03
5.008300000000000000e+04 5.008300000000000000e+04 5.369003019950469024e-07 1.750870142132043839e-03
5.066400000000000000e+04 5.066400000000000000e+04 2.575561438789009117e-06 1.733630895614624023e-03
5.125100000000000000e+04 5.125100000000000000e+04 9.779295169209945016e-07 1.741210697218775749e-03
5.184500000000000000e+04 5.184500000000000000e+04 5.763611738984764088e-07 1.732016680762171745e-03
5.244600000000000000e+04 5.244600000000000000e+04 1.061139391822507605e-05 1.695788931101560593e-03
5.305400000000000000e+04 5.305400000000000000e+04 6.731488610967062414e-07 1.723428722470998764e-03
5.366900000000000000e+04 5.366900000000000000e+04 2.938196757895639166e-06 1.719914143905043602e-03
5.429100000000000000e+04 5.429100000000000000e+04 1.036911271512508392e-06 1.713817357085645199e-03
5.492000000000000000e+04 5.492000000000000000e+04 2.268023763463133946e-06 1.710998360067605972e-03
5.555700000000000000e+04 5.555700000000000000e+04 9.553500603942666203e-07 1.724126748740673065e-03
5.620100000000000000e+04 5.620100000000000000e+04 2.480524244674597867e-06 1.727421418763697147e-03
5.685200000000000000e+04 5.685200000000000000e+04 4.301780620608042227e-07 1.713364501483738422e-03
5.751100000000000000e+04 5.751100000000000000e+04 5.356239398679463193e-06 1.651270547881722450e-03
5.817800000000000000e+04 5.817800000000000000e+04 2.483760454197181389e-06 1.712363678961992264e-03
5.885200000000000000e+04 5.885200000000000000e+04 3.781048008022480644e-07 1.702324836514890194e-03
5.953400000000000000e+04 5.953400000000000000e+04 1.876307578640989959e-06 1.697419909760355949e-03
6.022400000000000000e+04 6.022400000000000000e+04 7.623845590387645643e-07 1.694519072771072388e-03
6.092200000000000000e+04 6.092200000000000000e+04 5.175216983843711205e-07 1.698068459518253803e-03
6.162900000000000000e+04 6.162900000000000000e+04 2.297169430676149204e-06 1.681335270404815674e-03
6.234300000000000000e+04 6.234300000000000000e+04 9.124141797656193376e-07 1.695856219157576561e-03
6.306600000000000000e+04 6.306600000000000000e+04 1.031475903801037930e-06 1.705570612102746964e-03
6.379700000000000000e+04 6.379700000000000000e+04 5.151619006937835366e-07 1.680035260505974293e-03
6.453600000000000000e+04 6.453600000000000000e+04 3.757425872663588962e-07 1.674005645327270031e-03
6.528400000000000000e+04 6.528400000000000000e+04 2.786282493616454303e-07 1.667773933149874210e-03
6.604100000000000000e+04 6.604100000000000000e+04 2.481814362909062766e-07 1.662401948124170303e-03
6.680600000000000000e+04 6.680600000000000000e+04 3.927058855879295152e-07 1.668562064878642559e-03
6.758100000000000000e+04 6.758100000000000000e+04 3.570562512322794646e-07 1.666967640630900860e-03
6.836400000000000000e+04 6.836400000000000000e+04 4.170837257788662100e-07 1.684775575995445251e-03
6.915600000000000000e+04 6.915600000000000000e+04 3.643584705059765838e-07 1.688655465841293335e-03
6.995800000000000000e+04 6.995800000000000000e+04 1.566970922795007937e-06 1.687712268903851509e-03
7.076900000000000000e+04 7.076900000000000000e+04 4.719508979178499430e-07 1.650964841246604919e-03
7.158900000000000000e+04 7.158900000000000000e+04 2.940022056918678572e-07 1.652150880545377731e-03
7.241900000000000000e+04 7.241900000000000000e+04 7.296030162251554430e-07 1.637915731407701969e-03
7.325800000000000000e+04 7.325800000000000000e+04 3.447219398822198855e-07 1.653749728575348854e-03
7.410800000000000000e+04 7.410800000000000000e+04 6.489609063464740757e-07 1.656499924138188362e-03
7.496700000000000000e+04 7.496700000000000000e+04 3.217112976017233450e-07 1.657982356846332550e-03
7.583600000000000000e+04 7.583600000000000000e+04 3.382088380021741614e-06 1.669661840423941612e-03
7.671500000000000000e+04 7.671500000000000000e+04 9.359682735521346331e-07 1.679703942500054836e-03
7.760400000000000000e+04 7.760400000000000000e+04 1.856930612120777369e-05 1.717068953439593315e-03
7.850300000000000000e+04 7.850300000000000000e+04 5.061238539383339230e-07 1.680464716628193855e-03
7.941300000000000000e+04 7.941300000000000000e+04 1.788627059795544483e-07 1.687912619672715664e-03
8.033400000000000000e+04 8.033400000000000000e+04 6.542491064465139061e-07 1.675092382356524467e-03
8.126500000000000000e+04 8.126500000000000000e+04 1.379414015900692903e-06 1.739153405651450157e-03
8.220700000000000000e+04 8.220700000000000000e+04 5.798909796794760041e-07 1.734384102746844292e-03
8.316000000000000000e+04 8.316000000000000000e+04 6.252050752664217725e-07 1.722904853522777557e-03
8.412400000000000000e+04 8.412400000000000000e+04 3.099419814134307671e-07 1.727918395772576332e-03
8.509900000000000000e+04 8.509900000000000000e+04 1.838321281866228674e-07 1.724274363368749619e-03
8.608500000000000000e+04 8.608500000000000000e+04 9.539751317788613960e-07 1.743819448165595531e-03
8.708300000000000000e+04 8.708300000000000000e+04 2.754489969447604381e-07 1.746393274515867233e-03
8.809200000000000000e+04 8.809200000000000000e+04 1.906357169900729787e-07 1.740641659125685692e-03
8.911300000000000000e+04 8.911300000000000000e+04 9.840694019658258185e-07 1.732573262415826321e-03
9.014600000000000000e+04 9.014600000000000000e+04 5.197170480641943868e-07 1.717675244435667992e-03
9.119100000000000000e+04 9.119100000000000000e+04 5.169729320186888799e-07 1.720616477541625500e-03
9.224800000000000000e+04 9.224800000000000000e+04 3.057963908759120386e-07 1.718256273306906223e-03
9.331800000000000000e+04 9.331800000000000000e+04 3.042994194402126595e-07 1.713718986138701439e-03
9.439900000000000000e+04 9.439900000000000000e+04 2.793370299514208455e-07 1.711884862743318081e-03
9.549300000000000000e+04 9.549300000000000000e+04 4.407067990541690961e-07 1.702412380836904049e-03
9.660000000000000000e+04 9.660000000000000000e+04 7.223924285426619463e-07 1.700446824543178082e-03
9.772000000000000000e+04 9.772000000000000000e+04 2.100757825473920093e-07 1.702200854197144508e-03
9.885300000000000000e+04 9.885300000000000000e+04 1.811865502077125711e-07 1.728510716930031776e-03
9.999800000000000000e+04 9.999800000000000000e+04 2.195215984102105722e-06 1.722899498417973518e-03
